2 0.166053921875 0.59599673125 0.171875 0.5919117640625 0.1770833328125 0.5849673203125 0.18443627499999998 0.5829248359375 0.18658088281250002 0.5763888890625 0.187193628125 0.560457515625 0.18566176406249998 0.5584150328125 0.180147059375 0.5592320265625 0.1770833328125 0.5580065359375 0.1596200984375 0.5608660125 0.15808823593750002 0.5625 0.15533088281250002 0.571486928125 0.15471813750000002 0.5861928109375001 0.1556372546875 0.59150326875 0.1599264703125 0.5955882359375 0.166053921875 0.59599673125
2 0.2650122546875 0.49918300625 0.2640931375 0.497957515625 0.26164215625 0.49918300625 0.2610294125 0.502042484375 0.2634803921875 0.5065359484374999 0.2650122546875 0.5044934640625 0.2650122546875 0.49918300625
0 0.26164215625 0.52573529375 0.2833946078125 0.5241013078125001 0.288602940625 0.5151143796875 0.29319852968750004 0.5024509796875 0.29319852968750004 0.4865196078125 0.2889093140625 0.47467320312499994 0.2830882359375 0.4677287578125 0.2794117640625 0.46609477187500004 0.2705269609375 0.46650326875000003 0.255821078125 0.47303921562499995 0.24846813750000002 0.48202614375 0.24662990156250003 0.49142156875 0.24662990156250003 0.502042484375 0.24846813750000002 0.509803921875 0.2552083328125 0.520016340625 0.26164215625 0.52573529375
0 0.5306372546875 0.47998365937500004 0.5407475484375001 0.49632352968750004 0.5431985296875 0.49346405156250006 0.5450367640625 0.48366013125 0.5447303921875 0.47426470624999995 0.5389093140625 0.4587418296875 0.5303308828125 0.453431371875 0.52267156875 0.4526143796875 0.5180759796875 0.45383986875 0.5104166671875 0.4603758171875 0.5094975484375001 0.46282679687500006 0.5119485296875 0.46650326875000003 0.518688725 0.4677287578125 0.5306372546875 0.47998365937500004
2 0.615196078125 0.43464052343750004 0.6231617640625 0.43218954218750005 0.625 0.42892156875 0.6256127453125 0.4236111109375 0.6240808828125 0.40359477187500004 0.62101715625 0.3966503265625 0.615196078125 0.391748365625 0.6109068625 0.391748365625 0.605085784375 0.3962418296875 0.60386029375 0.40155228750000005 0.6075367640625 0.41053921562499995 0.609681371875 0.43137254843750006 0.615196078125 0.43464052343750004
2 0.681678921875 0.607434640625 0.69301470625 0.6111111109375 0.7012867640625 0.6094771234375 0.703125 0.607434640625 0.7046568625 0.6008986921874999 0.703125 0.580882353125 0.6985294125 0.5674019609375 0.6957720593750001 0.56331699375 0.6893382359375 0.5592320265625 0.6853553921875 0.5588235296875 0.6737132359375 0.5661764703125 0.670649509375 0.5755718953125 0.6700367640625 0.58129085 0.671875 0.5955882359375 0.677696078125 0.6045751640625 0.681678921875 0.607434640625
2 0.7009803921875 0.909313725 0.7006740203125 0.8999183000000001 0.6979166671875 0.8901143796875 0.6951593140625 0.8856209156249999 0.69301470625 0.8827614374999999 0.6890318625 0.8819444437499999 0.684742646875 0.8872549015625 0.684742646875 0.89297385625 0.6865808828125 0.8970588234375001 0.69454656875 0.9060457515625 0.7009803921875 0.909313725
2 0.8030024515624999 0.9464869281249999 0.8017769609375 0.9436274515624999 0.7944240203125 0.9415849671875 0.7904411765625 0.9546568625 0.7907475484375001 0.9628267968750001 0.7944240203125 0.96486928125 0.80238970625 0.963643790625 0.8030024515624999 0.9464869281249999
2 0.7987132359375 0.9293300656250001 0.7947303921875 0.9309640515625001 0.7947303921875 0.9358660125 0.796568628125 0.9334150328125 0.8005514703125 0.9317810453125001 0.7987132359375 0.9293300656250001
0 0.7365196078125 0.875408496875 0.73988970625 0.8733660125 0.7438725484375001 0.8651960781250001 0.744178921875 0.85702614375 0.7405024515624999 0.848039215625 0.7359068625 0.847222221875 0.734681371875 0.84926470625 0.7291666671875 0.8611111109375 0.7294730390625 0.8647875812500001 0.7322303921875 0.8705065359375 0.7365196078125 0.875408496875
0 0.7846200984375 0.84926470625 0.7849264703125 0.8451797390625 0.7837009796875 0.8419117640625 0.7791053921875 0.83823529375 0.771446078125 0.838643790625 0.768688725 0.8435457515625 0.769914215625 0.8521241828124999 0.7751225484375001 0.857434640625 0.7794117640625 0.858251634375 0.7846200984375 0.84926470625
2 0.8848039218749999 0.8999183000000001 0.887867646875 0.892565359375 0.88664215625 0.8843954249999999 0.8838848046875001 0.8794934640625 0.8774509796875 0.8786764703125 0.8768382359375 0.8811274515624999 0.87898284375 0.890931371875 0.8808210781250001 0.8962418296875001 0.8848039218749999 0.8999183000000001
2 0.8057598046875001 0.66952614375 0.8219975484375001 0.6932189546874999 0.8403799015625 0.6997549015625 0.844056371875 0.6985294125 0.8498774515624999 0.6932189546874999 0.8520220593750001 0.6858660125 0.8498774515624999 0.677696078125 0.8458946078125 0.669934640625 0.8376225484375001 0.659313725 0.8302696078125 0.653594771875 0.8170955875000001 0.651960784375 0.8106617640625 0.6458333328125 0.8075980390625 0.6462418296875 0.8091299015625 0.6486928109375001 0.8100490203125 0.6556372546875 0.8060661765624999 0.6629901953124999 0.8057598046875001 0.66952614375
2 0.8030024515624999 0.6650326796875 0.8051470593750001 0.66176470625 0.8060661765624999 0.65400326875 0.8039215687500001 0.6470588234375 0.799632353125 0.6392973859375 0.7987132359375 0.6380718953125 0.7922794125 0.6401143796875 0.7904411765625 0.6384803921875 0.78676470625 0.640931371875 0.7837009796875 0.6462418296875 0.78523284375 0.6503267968750001 0.7962622546875 0.6638071890624999 0.8030024515624999 0.6650326796875
2 0.782475490625 0.5453431375 0.7833946078125 0.5330882359375 0.7751225484375001 0.52573529375 0.7705269609375 0.5232843140625 0.7637867640625 0.527777778125 0.7631740203125 0.5298202609375 0.7650122546875 0.5486111109375 0.77573529375 0.5506535953125 0.7794117640625 0.5494281046875 0.782475490625 0.5453431375