0 0.409007353125 0.641748365625 0.41329656875 0.643382353125 0.4200367640625 0.64297385625 0.42738970624999995 0.6397058828125 0.431678921875 0.6315359484374999 0.4381127453125 0.607434640625 0.43995097968749997 0.5829248359375 0.4393382359375 0.5759803921875 0.436274509375 0.5669934640625 0.42800245156249994 0.560457515625 0.41942402031250003 0.5608660125 0.4151348046875 0.562908496875 0.4077818625 0.5600490203125 0.39950980468749997 0.5661764703125 0.396446078125 0.572303921875 0.3952205875 0.578431371875 0.394914215625 0.5931372546875 0.396446078125 0.616013071875 0.4041053921875 0.6372549015625 0.409007353125 0.641748365625
0 0.37132352968750004 0.4546568625 0.3704044125 0.435457515625 0.369178921875 0.43259803906250005 0.3655024515625 0.43218954218750005 0.359375 0.43464052343750004 0.3572303921875 0.43668300625 0.35600490156250003 0.44321895468749994 0.35600490156250003 0.455882353125 0.3612132359375 0.4697712421875 0.362132353125 0.46650326875000003 0.37132352968750004 0.4546568625
2 0.55238970625 0.5061274515624999 0.556678921875 0.502042484375 0.556678921875 0.49509803906250005 0.5545343140625 0.48856209218749996 0.551164215625 0.48366013125 0.5447303921875 0.48039215625000004 0.537071078125 0.48039215625000004 0.5364583328125 0.483251634375 0.53676470625 0.49754902031250003 0.5431985296875 0.5053104578125 0.5447303921875 0.509395425 0.55238970625 0.5061274515624999
2 0.55238970625 0.483251634375 0.558210784375 0.48202614375 0.5661764703125 0.46405228750000005 0.565563725 0.44975490156250003 0.5631127453125 0.44240196093749995 0.55851715625 0.437091503125 0.5484068625 0.435457515625 0.543811275 0.437908496875 0.5361519609375 0.4509803921875 0.53523284375 0.46364379062500005 0.5361519609375 0.4689542484375 0.5392156859375 0.47467320312499994 0.55238970625 0.483251634375
2 0.5805759796875 0.46119281093750003 0.587928921875 0.46609477187500004 0.592524509375 0.46609477187500004 0.5955882359375 0.46486928125000004 0.5998774515624999 0.4583333328125 0.60079656875 0.453431371875 0.598039215625 0.438725490625 0.5946691171875 0.43218954218750005 0.5891544125 0.4264705875 0.581188725 0.4227941171875 0.5732230390625 0.4227941171875 0.5698529406249999 0.42524509843749997 0.565563725 0.43300653593750005 0.565257353125 0.43995097968749997 0.566789215625 0.4505718953125 0.57414215625 0.4591503265625 0.5805759796875 0.46119281093750003
2 0.5799632359375 0.3733660125 0.5842524515624999 0.3696895421875 0.5900735296875 0.3578431375 0.5885416671875 0.3525326796875 0.58363970625 0.34640522812499996 0.5802696078125 0.3443627453125 0.5762867640625 0.3447712421875 0.5674019609375 0.3533496734375 0.56648284375 0.357434640625 0.5692401953124999 0.3684640515625 0.5716911765625 0.3709150328125 0.5799632359375 0.3733660125
2 0.37867647031249996 0.3688725484375 0.37867647031249996 0.3619281046875 0.3734681375 0.3521241828125 0.3609068625 0.356617646875 0.3609068625 0.372957515625 0.369178921875 0.372957515625 0.3768382359375 0.3709150328125 0.37867647031249996 0.3688725484375
2 0.683210784375 0.46486928125000004 0.6856617640625 0.4603758171875 0.686274509375 0.4505718953125 0.68198529375 0.43055555625 0.6767769609375 0.426879084375 0.66329656875 0.43178104531250006 0.66176470625 0.4391339875 0.6642156859375 0.44771241875 0.67738970625 0.4673202609375 0.683210784375 0.46486928125000004
2 0.75551470625 0.35620915000000003 0.7588848046875001 0.3537581703125 0.7607230390625 0.349673203125 0.75857843125 0.3435457515625 0.75 0.33700980468749997 0.7435661765625 0.338643790625 0.7365196078125 0.3455882359375 0.7362132359375 0.349673203125 0.7377450984375 0.3529411765625 0.7432598046875001 0.3594771234375 0.75551470625 0.35620915000000003
2 0.687806371875 0.3766339875 0.69301470625 0.377042484375 0.6936274515624999 0.37214052343750004 0.6957720593750001 0.3688725484375 0.6954656859375 0.36233660156249997 0.6939338234375 0.35866013125 0.6893382359375 0.358251634375 0.6813725484375001 0.3639705875 0.6810661765625 0.365196078125 0.6838235296875 0.36642156875 0.6853553921875 0.372957515625 0.687806371875 0.3766339875
2 0.86335784375 0.7994281046875 0.8679534312499999 0.79452614375 0.8682598046875001 0.786356209375 0.8651960781250001 0.77900326875 0.8569240203125 0.7794117640625 0.8544730390625 0.7826797390625 0.8547794124999999 0.7912581703125 0.858149509375 0.7982026140625 0.860600490625 0.7998366015625 0.86335784375 0.7994281046875
2 0.9154411765624999 0.7544934640625 0.91789215625 0.7483660125 0.9157475484375001 0.7438725484375001 0.909007353125 0.740196078125 0.90625 0.7422385625000001 0.905943628125 0.7475490203125 0.909313725 0.7524509796875 0.9120710781250001 0.7557189546874999 0.9154411765624999 0.7544934640625
2 0.6884191171875 0.794934640625 0.6865808828125 0.7904411765625 0.6868872546875 0.78676470625 0.68198529375 0.784313725 0.6798406859375 0.786356209375 0.68045343125 0.7973856203125 0.68198529375 0.7990196078125 0.6859681375 0.7994281046875 0.6884191171875 0.794934640625
2 0.8664215687500001 0.66952614375 0.8661151953124999 0.6658496734375 0.8615196078125 0.661356209375 0.856311275 0.6625816999999999 0.8544730390625 0.6654411765625 0.8544730390625 0.6719771234375 0.8569240203125 0.6748366015625 0.86488970625 0.6736111109375 0.8664215687500001 0.66952614375
0 0.83210784375 0.6907679734375 0.8333333328125001 0.6891339875 0.8342524515624999 0.6817810453125001 0.8333333328125001 0.6748366015625 0.8262867640625 0.6736111109375 0.8232230390625 0.6756535953125 0.8232230390625 0.6813725484375001 0.825367646875 0.68831699375 0.829350490625 0.6919934640625 0.83210784375 0.6907679734375
2 0.8223039218749999 0.69607843125 0.8232230390625 0.6919934640625 0.8204656859374999 0.6846405234375 0.8143382359375 0.6834150328125 0.812806371875 0.685457515625 0.811274509375 0.6891339875 0.812193628125 0.6932189546874999 0.8177083328125001 0.696486928125 0.8223039218749999 0.69607843125
2 0.8232230390625 0.671568628125 0.8232230390625 0.667483659375 0.81801470625 0.659722221875 0.8143382359375 0.66013071875 0.812806371875 0.6621732031249999 0.8125 0.6662581703125 0.816789215625 0.6719771234375 0.8219975484375001 0.6732026140625 0.8232230390625 0.671568628125
2 0.951899509375 0.45710784374999996 0.95710784375 0.455065359375 0.9568014703125 0.44607843125 0.9509803921875 0.43995097968749997 0.9469975484375001 0.4391339875 0.940257353125 0.44321895468749994 0.937806371875 0.446895425 0.940257353125 0.45547385625 0.9442401953124999 0.45710784374999996 0.951899509375 0.45710784374999996
2 0.9794730390625 0.42606209218749996 0.9745710781250001 0.4232026140625 0.9681372546875 0.426879084375 0.9653799015625 0.43055555625 0.9650735296875 0.435457515625 0.9666053921875 0.4375 0.984375 0.435457515625 0.9794730390625 0.42606209218749996
0 0.8351715687500001 0.426879084375 0.8385416671874999 0.4236111109375 0.8385416671874999 0.4154411765625 0.8363970593750001 0.41013071874999996 0.83363970625 0.4072712421875 0.8302696078125 0.4060457515625 0.8262867640625 0.4068627453125 0.8216911765624999 0.41094771249999995 0.8192401953124999 0.4162581703125 0.8186274515624999 0.4203431375 0.8204656859374999 0.4240196078125 0.8299632359375 0.428513071875 0.8351715687500001 0.426879084375