0 0.6227941171875 0.6764322921875 0.6318627453125 0.6852213546875 0.6384803921875 0.6884765625 0.6458333328125 0.6871744796875 0.6504901953125 0.6829427078125 0.65392156875 0.6741536453125 0.653431371875 0.658203125 0.6453431375 0.6341145828125 0.6372549015625 0.6217447921875 0.6267156859375 0.6149088546875 0.6227941171875 0.6149088546875 0.611274509375 0.6223958328125 0.6080882359374999 0.6302083328125 0.6068627453125 0.6383463546875 0.6075980390625 0.6500651046875 0.6110294125 0.6595052078125 0.6227941171875 0.6764322921875
2 0.646568628125 0.6334635421875 0.6490196078125 0.6337890625 0.6544117640625 0.6334635421875 0.6588235296875 0.6305338546875 0.6620098046875 0.6233723953125 0.6627450984375 0.6129557296875 0.66176470625 0.6031901046875 0.659068628125 0.5960286453125 0.6595588234374999 0.5914713546875 0.6580882359375 0.5891927078125 0.65392156875 0.5882161453125 0.6502450984375 0.5849609375 0.6482843140625 0.5846354171875 0.6463235296875001 0.5823567703125 0.6463235296875001 0.580078125 0.6455882359375 0.583984375 0.6416666671875 0.5852864578125 0.6294117640625 0.5966796875 0.6289215687499999 0.599609375 0.634068628125 0.6184895828125 0.6428921562500001 0.6305338546875 0.646568628125 0.6334635421875
2 0.619117646875 0.5432942703125 0.6272058828125 0.5419921875 0.6330882359375 0.5335286453125 0.63357843125 0.5133463546875 0.6323529406249999 0.509765625 0.626960784375 0.5048828125 0.6193627453125 0.5022786453125 0.615196078125 0.5045572921875 0.6129901953125 0.5074869796875 0.6088235296875 0.5143229171875 0.6102941171875 0.525390625 0.613725490625 0.5348307296875 0.619117646875 0.5432942703125
0 0.6696078437499999 0.427734375 0.6708333328125 0.42578125 0.6708333328125 0.4195963546875 0.6735294125 0.4150390625 0.6786764703125 0.4156901046875 0.69289215625 0.4248046875 0.6985294125 0.4228515625 0.702696078125 0.4156901046875 0.703186275 0.4075520828125 0.7024509796875 0.400390625 0.6985294125 0.3880208328125 0.693382353125 0.380859375 0.6872549015625 0.3766276046875 0.6806372546875 0.3746744796875 0.676225490625 0.3782552078125 0.6696078437499999 0.3802083328125 0.6674019609374999 0.3889973953125 0.6622549015625 0.390625 0.6600490203125 0.3955078125 0.6600490203125 0.4085286453125 0.66176470625 0.4163411453125 0.6634803921875 0.4212239578125 0.6696078437499999 0.427734375
0 0.6546568625 0.4163411453125 0.656617646875 0.4085286453125 0.655882353125 0.4046223953125 0.6563725484375 0.3961588546875 0.6517156859375001 0.388671875 0.6463235296875001 0.3880208328125 0.6424019609375 0.3899739578125 0.6392156859375 0.3951822921875 0.6375 0.4020182296875 0.6375 0.40625 0.6419117640625001 0.4137369796875 0.65 0.4182942703125 0.6546568625 0.4163411453125
0 0.50857843125 0.4482421875 0.5134803921875 0.4514973953125 0.5181372546875 0.4524739578125 0.5225490203125001 0.4508463546875 0.526960784375 0.4462890625 0.530882353125 0.4371744796875 0.5330882359375 0.4287109375 0.53357843125 0.4137369796875 0.530882353125 0.3997395828125 0.5296568625 0.396484375 0.525 0.3902994796875 0.518382353125 0.3873697921875 0.5134803921875 0.3876953125 0.5093137249999999 0.3899739578125 0.5029411765625 0.3997395828125 0.501960784375 0.4069010421875 0.4997549015625 0.4127604171875 0.49950980468750006 0.4163411453125 0.5022058828125 0.431640625 0.505882353125 0.4436848953125 0.50857843125 0.4482421875
2 0.4977941171875 0.337890625 0.5056372546875 0.3317057296875 0.5102941171875 0.322265625 0.509803921875 0.3147786453125 0.5046568625 0.3069661453125 0.5009803921875 0.3063151046875 0.4943627453125 0.3079427078125 0.489460784375 0.314453125 0.48823529375 0.3209635421875 0.488725490625 0.3291015625 0.490686275 0.3326822921875 0.4977941171875 0.337890625
2 0.8649509796875 0.2828776046875 0.873039215625 0.2779947921875 0.8808823531250001 0.2750651046875 0.8897058828125 0.2679036453125 0.8911764703125 0.2639973953125 0.8904411765625 0.259765625 0.8884803921875 0.2574869796875 0.8803921562499999 0.2532552078125 0.8732843140625001 0.2509765625 0.8627450984375 0.2509765625 0.8575980390625 0.24967447968749998 0.8544117640625 0.2513020828125 0.84926470625 0.2516276046875 0.8446078437500001 0.2623697921875 0.8446078437500001 0.2672526046875 0.8485294124999999 0.2763671875 0.857352940625 0.2815755203125 0.8649509796875 0.2828776046875
2 0.732352940625 0.291015625 0.7352941171875 0.2880859375 0.7384803921875001 0.287109375 0.74142156875 0.2828776046875 0.7426470593750001 0.2779947921875 0.746568628125 0.2711588546875 0.7416666671875001 0.2568359375 0.7399509796875 0.2542317703125 0.735539215625 0.25390625 0.72573529375 0.2561848953125 0.7232843140624999 0.2594401046875 0.723774509375 0.2740885421875 0.72573529375 0.2815755203125 0.730147059375 0.2845052078125 0.732352940625 0.291015625
0 0.3181372546875 0.375 0.3225490203125 0.375 0.3296568625 0.3720703125 0.3338235296875 0.3717447921875 0.3424019609375 0.3668619796875 0.3455882359375 0.3626302078125 0.3497549015625 0.3525390625 0.35024509843749996 0.3404947921875 0.3455882359375 0.3251953125 0.33848039218750003 0.31640625 0.326225490625 0.3089192703125 0.3166666671875 0.3095703125 0.309803921875 0.3134765625 0.305882353125 0.3180338546875 0.2995098046875 0.3372395828125 0.29926470625 0.349609375 0.302696078125 0.361328125 0.3080882359375 0.369140625 0.3181372546875 0.375
0 0.18676470625 0.4456380203125 0.18848039218749998 0.4397786453125 0.1897058828125 0.4283854171875 0.1892156859375 0.4124348953125 0.1889705875 0.4137369796875 0.185539215625 0.4153645828125 0.1830882359375 0.4186197921875 0.15808823593750002 0.4580078125 0.160539215625 0.4609375 0.16519607812499998 0.4632161453125 0.173774509375 0.4625651046875 0.18676470625 0.4456380203125
0 0.16176470625 0.4378255203125 0.1649509796875 0.4348958328125 0.165686275 0.4313151046875 0.16813725468750002 0.427734375 0.1671568625 0.4241536453125 0.168382353125 0.4202473953125 0.167647059375 0.4169921875 0.1661764703125 0.4153645828125 0.1622549015625 0.4166666671875 0.1595588234375 0.419921875 0.15441176406249998 0.4228515625 0.1497549015625 0.4332682296875 0.15 0.4443359375 0.15392156875000002 0.4469401046875 0.15808823593750002 0.4443359375 0.16176470625 0.4378255203125