1 0.8691520468749999 0.9886363640625 0.872989765625 0.9883116890625001 0.8768274859374999 0.9821428578125 0.8795687140625 0.96948051875 0.8797514625 0.9613636359375001 0.8786549703125001 0.9516233765625 0.8757309937500001 0.9474025968750001 0.8731725140625001 0.940909090625 0.8669590640625 0.9428571421875 0.8638523390625 0.9464285718750001 0.8607456140625 0.9587662343750001 0.863669590625 0.9792207796874999 0.8651315796875 0.9834415578125 0.8691520468749999 0.9886363640625
0 0.9557748531250001 0.702597403125 0.9588815796875 0.7 0.9612573093749999 0.6892857140624999 0.9614400578125 0.6850649343749999 0.9592470765625001 0.6808441562499999 0.9548611109375 0.678896103125 0.9501096484374999 0.6883116890625 0.9499269 0.6931818187500001 0.9510233921875001 0.6980519484375 0.9533991234375 0.7019480515625001 0.9557748531250001 0.702597403125
0 0.3885233921875 0.890584415625 0.39217836250000004 0.8889610390625 0.39674707656249997 0.8801948046874999 0.399671053125 0.86948051875 0.401133040625 0.85649350625 0.4009502921875 0.8487012984375 0.399671053125 0.846103896875 0.39601608125 0.8425324671875 0.3936403515625 0.8376623375 0.3892543859375 0.8344155843750001 0.38450292343750003 0.834740259375 0.3817616953125 0.8376623375 0.3786549703125 0.8487012984375 0.3786549703125 0.8610389609375 0.3813961984375 0.8769480515625 0.38614766093749997 0.8886363640624999 0.3885233921875 0.890584415625
2 0.2384868421875 0.790259740625 0.23720760156249998 0.7866883109375 0.234466375 0.7840909093749999 0.23410087656249998 0.778896103125 0.2330043859375 0.775324675 0.23209064375000002 0.775 0.2311769 0.7772727265625 0.2278874265625 0.7792207796875 0.2247807015625 0.7954545453125 0.2251461984375 0.8025974031249999 0.22843567187499997 0.8071428578125 0.230811403125 0.8051948046874999 0.2384868421875 0.790259740625
2 0.49597953281249996 0.23441558437499999 0.497989765625 0.2363636359375 0.5020102343749999 0.23733766250000002 0.5091374265625 0.22857142812500003 0.508223684375 0.22207792187500003 0.5104166671875 0.20097402656250002 0.509320175 0.1987012984375 0.5084064328125 0.19318181875 0.5018274859375 0.190584415625 0.4950657890625 0.1928571421875 0.4915935671875 0.200324675 0.491045321875 0.2048701296875 0.49067982499999996 0.22045454531250003 0.492507309375 0.2233766234375 0.4947002921875 0.2321428578125 0.49597953281249996 0.23441558437499999
2 0.572185671875 0.16688311718749999 0.576206140625 0.1616883109375 0.578033625 0.153246753125 0.57894736875 0.1415584421875 0.5767543859375001 0.12435065000000001 0.5725511703125 0.1204545453125 0.5681652046875 0.1204545453125 0.5650584796875 0.1227272734375 0.563596490625 0.125324675 0.5615862578125 0.1324675328125 0.5612207609375 0.134740259375 0.5657894734375 0.15876623437499998 0.568347953125 0.1642857140625 0.572185671875 0.16688311718749999
2 0.572185671875 0.16688311718749999 0.576206140625 0.1616883109375 0.5787646203125 0.146428571875 0.578033625 0.13084415625 0.5765716375000001 0.12402597343749999 0.5725511703125 0.1204545453125 0.5681652046875 0.1204545453125 0.563596490625 0.125 0.5615862578125 0.1324675328125 0.5612207609375 0.134740259375 0.5656067250000001 0.1581168828125 0.568347953125 0.1642857140625 0.572185671875 0.16688311718749999
0 0.51023391875 0.134740259375 0.5124269 0.13084415625 0.5140716375000001 0.1233766234375 0.5115131578125001 0.10487012968750001 0.509685671875 0.1022727265625 0.5056652046875 0.10259740312500001 0.502741228125 0.10616883125000001 0.5005482453125001 0.11103896093750001 0.49926900625000004 0.1269480515625 0.5032894734375 0.134415584375 0.5056652046875 0.1366883109375 0.51023391875 0.134740259375
2 0.527777778125 0.228246753125 0.52741228125 0.2321428578125 0.5292397656250001 0.2386363640625 0.5310672515625 0.2353896109375 0.5338084796875 0.23344155781249998 0.5360014625 0.228246753125 0.53673245625 0.22370129843750003 0.5420321640625 0.2168831171875 0.539473684375 0.2142857140625 0.535453215625 0.2071428578125 0.5338084796875 0.20649350625000001 0.5292397656250001 0.2071428578125 0.5264985375 0.2110389609375 0.526133040625 0.21298701250000002 0.526133040625 0.21785714218750002 0.530153509375 0.221103896875 0.5303362578125 0.22467532499999998 0.527777778125 0.228246753125
0 0.22167397656249999 0.197077921875 0.22295321562499998 0.1954545453125 0.2236842109375 0.1922077921875 0.2244152046875 0.18149350625 0.220760234375 0.17402597343749998 0.216739765625 0.17435065 0.21472953281249998 0.18084415625 0.21198830468750002 0.1860389609375 0.21162280625 0.1896103890625 0.21326754375 0.19448051875 0.21655701718749998 0.197077921875 0.22167397656249999 0.197077921875
0 0.74926900625 0.1324675328125 0.7514619890625001 0.13084415625 0.7514619890625001 0.1292207796875 0.7487207609375 0.11850649375 0.7450657890625 0.1133116890625 0.7432383046875 0.11266233750000001 0.7401315796875 0.1136363640625 0.7355628656250001 0.11818181875 0.72898391875 0.134740259375 0.72898391875 0.1386363640625 0.732456140625 0.139935065625 0.7355628656250001 0.1376623375 0.74926900625 0.1324675328125
2 0.8068347953125 0.06363636406249999 0.8101242687499999 0.05681818125 0.8106725140625001 0.053896103125 0.8103070171875 0.0487012984375 0.8084795328125001 0.0454545453125 0.8064692984375 0.0425324671875 0.8026315796875 0.039935065625 0.796966375 0.04318181875 0.794956140625 0.048051948437500006 0.7947733921875 0.0574675328125 0.7953216375000001 0.060389610937500005 0.7984283624999999 0.064935065625 0.8068347953125 0.06363636406249999