2 0.8415570171875 0.8707792203125001 0.8453947375 0.87435065 0.8499634500000001 0.87435065 0.853435671875 0.871428571875 0.859283625 0.8613636359375001 0.8618421046875 0.8532467531249999 0.86476608125 0.8379870125 0.865679825 0.8243506500000001 0.8651315796875 0.8025974031249999 0.860562865625 0.7957792203125 0.8587353796875 0.7905844156249999 0.8587353796875 0.7866883109375 0.85709064375 0.783766234375 0.845760234375 0.778246753125 0.8377192984375 0.778896103125 0.8346125734375001 0.7821428578125 0.8291301171875001 0.791233765625 0.826206140625 0.8012987015625 0.8260233921875001 0.8081168828124999 0.82730263125 0.8224025968750001 0.8342470765625001 0.859090909375 0.8415570171875 0.8707792203125001
2 0.7227704671875 0.6327922078125 0.7244152046875 0.634740259375 0.729349415625 0.6360389609375 0.7330043859375001 0.634415584375 0.736293859375 0.63051948125 0.73976608125 0.61883116875 0.7401315796875 0.6139610390625 0.7392178359375 0.609740259375 0.7355628656250001 0.6071428578125 0.7355628656250001 0.603246753125 0.7341008765625 0.59935065 0.7322733921875 0.5983766234375001 0.7244152046875 0.5990259734375 0.7233187140624999 0.599675325 0.72112573125 0.6045454546875 0.71875 0.60616883125 0.7182017546874999 0.6071428578125 0.71875 0.6233766234375 0.7200292390625 0.628246753125 0.7227704671875 0.6327922078125
0 0.5235745609375 0.634740259375 0.5317982453125001 0.6370129875 0.535635965625 0.640584415625 0.5391081875 0.6415584421875 0.5486111109375 0.6480519484375 0.5502558484375 0.6461038968749999 0.5513523390625 0.634740259375 0.551169590625 0.622402596875 0.549524853125 0.6120129875 0.5486111109375 0.59935065 0.544956140625 0.590584415625 0.540935671875 0.5915584421875 0.5411184203125 0.59350649375 0.538742690625 0.6009740265625 0.53746345 0.608766234375 0.531615496875 0.609090909375 0.5235745609375 0.6129870125 0.5224780703125 0.614935065625 0.5222953218749999 0.61915584375 0.5232090640625 0.622402596875 0.52266081875 0.63116883125 0.5235745609375 0.634740259375
2 0.5447733921875 0.5610389609374999 0.5462353796875 0.5525974031249999 0.5458698828124999 0.5448051953124999 0.537097953125 0.534415584375 0.5321637421875 0.5363636359374999 0.527046784375 0.540909090625 0.526864034375 0.5545454546874999 0.5290570171875 0.5603896109375001 0.5360014625 0.5626623375 0.5447733921875 0.5610389609374999
2 0.5052997078125 0.6266233765625 0.5098684203125 0.6262987015625 0.5118786546874999 0.6240259734375 0.5138888890625 0.61948051875 0.5146198828124999 0.615584415625 0.5144371343749999 0.6110389609375 0.515716375 0.60681818125 0.509685671875 0.5915584421875 0.5005482453125001 0.591233765625 0.49780701718750003 0.5876623375000001 0.4943347953125 0.6022727265625 0.4943347953125 0.6113636359375 0.49780701718750003 0.61915584375 0.5020102343749999 0.625 0.5052997078125 0.6266233765625
2 0.394919590625 0.5857142859375 0.404239765625 0.5883116890625 0.40953947343749997 0.5876623375000001 0.411366959375 0.5756493500000001 0.4146564328125 0.5681818187500001 0.413742690625 0.5603896109375001 0.40807748593750004 0.5522727265625 0.40533625781250004 0.5516233765624999 0.3971125734375 0.552922078125 0.3912646203125 0.5558441562499999 0.3830409359375 0.5616883109375 0.381578946875 0.565584415625 0.3813961984375 0.56850649375 0.3828581875 0.5733766234375001 0.38834064375 0.5811688312500001 0.394919590625 0.5857142859375
2 0.2638888890625 0.5954545453125 0.2673611109375 0.600324675 0.2711988296875 0.602922078125 0.27503655 0.6009740265625 0.2794225140625 0.5918831171875001 0.2814327484375 0.5798701296875 0.28125 0.5714285718750001 0.2821637421875 0.5681818187500001 0.2797880109375 0.565584415625 0.27923976562499997 0.5603896109375001 0.27101608125 0.5584415578125 0.265533625 0.5603896109375001 0.26114766093749997 0.565584415625 0.26023391875 0.5681818187500001 0.2609649125 0.5714285718750001 0.260599415625 0.584090909375 0.2638888890625 0.5954545453125
2 0.2072368421875 0.384090909375 0.20942982500000001 0.3730519484375 0.20778508750000002 0.36818181875 0.205043859375 0.365909090625 0.20138888906250002 0.365584415625 0.19828216406250002 0.3678571421875 0.1959064328125 0.3730519484375 0.195723684375 0.38084415625 0.19682017499999999 0.384740259375 0.2044956140625 0.3873376625 0.2072368421875 0.384090909375
2 0.357456140625 0.390584415625 0.37097953281249996 0.3928571421875 0.3748172515625 0.3925324671875 0.3766447375 0.390909090625 0.37737573125 0.3860389609375 0.3768274859375 0.3821428578125 0.36951754375 0.3668831171875 0.3651315796875 0.3603896109375 0.3576388890625 0.35227272656249997 0.35215643281250003 0.3620129875 0.35087719375000004 0.3665584421875 0.350328946875 0.36883116875 0.35087719375000004 0.3766233765625 0.3525219296875 0.38149350625 0.357456140625 0.390584415625
2 0.4203216375 0.47467532500000004 0.4212353796875 0.4762987015625 0.43146929843750004 0.4831168828125 0.43457602343749996 0.478246753125 0.4362207609375 0.471103896875 0.4349415203125 0.46461038906249996 0.43567251406249996 0.45876623437499997 0.43073830468749996 0.45649350625 0.4279970765625 0.45357142812499995 0.423793859375 0.45487012968749996 0.4228801171875 0.45681818124999996 0.4197733921875 0.45811688281249996 0.419225146875 0.45876623437499997 0.4201388890625 0.46363636406250003 0.41959064375 0.46753246718749997 0.4203216375 0.47467532500000004
2 0.055190057812500005 0.3574675328125 0.0615862578125 0.358766234375 0.06944444375 0.35519480468750003 0.076206140625 0.3451298703125 0.078033625 0.33441558437499996 0.0778508765625 0.3259740265625 0.0751096484375 0.3204545453125 0.07108918125 0.3165584421875 0.068347953125 0.315584415625 0.062134503125 0.3165584421875 0.053545321874999996 0.33344155781249996 0.0517178359375 0.3418831171875 0.051352339062499995 0.35 0.051900584375 0.352922078125 0.0526315796875 0.35519480468750003 0.055190057812500005 0.3574675328125
2 0.0564692984375 0.41038961093750004 0.06176900625 0.4045454546875 0.06286549687500001 0.3954545453125 0.061951754687500006 0.3925324671875 0.06012426875 0.390909090625 0.0592105265625 0.384415584375 0.0579312859375 0.38084415625 0.055372806249999997 0.38084415625 0.055007309375 0.384415584375 0.0526315796875 0.3876623375 0.051169590625000004 0.3925324671875 0.04915935625 0.40032467499999996 0.049524853125000004 0.40422077968750003 0.0526315796875 0.41071428593750003 0.0564692984375 0.41038961093750004
2 0.009685671875 0.2886363640625 0.01169590625 0.28409090937500003 0.023757309375 0.27142857187499997 0.018274853125 0.2668831171875 0.00858918125 0.265584415625 0.005847953125 0.2672077921875 0.0034722218749999997 0.27305194843749997 0.0032894734375 0.27922077968750003 0.00548245625 0.2870129875 0.005847953125 0.29123376562500003 0.009685671875 0.2886363640625
0 0.053545321874999996 0.9363636359375 0.0564692984375 0.9383116890625001 0.0603070171875 0.9379870125 0.0630482453125 0.9353896109375001 0.0643274859375 0.9301948046874999 0.064510234375 0.925324675 0.0639619890625 0.9204545453125 0.0625 0.9162337656249999 0.06085526249999999 0.9133116890625 0.0568347953125 0.9110389609375 0.05391081875 0.9123376625 0.05208333281250001 0.914935065625 0.05025584843749999 0.9198051953125 0.05080409375 0.93149350625 0.051900584375 0.9337662343750001 0.053545321874999996 0.9363636359375