1 0.2817982453125 0.52564935 0.2982456140625 0.5211038968749999 0.3000731 0.515259740625 0.30043859687499996 0.509740259375 0.2986111109375 0.5048701296875 0.29349415156249997 0.4977272734375 0.286366959375 0.4957792203125 0.2790570171875 0.499675325 0.2744883046875 0.5051948046875 0.27174707656249997 0.510064934375 0.26955409375 0.5175324671875 0.2686403515625 0.52564935 0.26955409375 0.5292207796875 0.2713815796875 0.53116883125 0.2817982453125 0.52564935
0 0.631578946875 0.5175324671875 0.6359649125 0.5146103890625 0.637975146875 0.509740259375 0.6361476609375 0.49740259687500005 0.6299342109375 0.48863636406250005 0.625 0.4857142859375 0.6213450296875 0.4857142859375 0.618421053125 0.49415584375000005 0.6182383046875 0.5019480515625 0.6217105265625 0.5123376625 0.6248172515625 0.515909090625 0.631578946875 0.5175324671875
2 0.6348684203125 0.49448051875 0.6385233921875 0.497077921875 0.641081871875 0.4954545453125 0.6434576015625 0.4915584421875 0.6434576015625 0.48538961093750005 0.6408991234375 0.47467532500000004 0.6385233921875 0.471753246875 0.6354166671875 0.465259740625 0.630116959375 0.4626623375 0.6268274859375 0.465259740625 0.62426900625 0.4704545453125 0.6240862578125 0.478571428125 0.6266447375 0.48149350625 0.6279239765625 0.4863636359375 0.6348684203125 0.49448051875
1 0.8651315796875 0.7139610390625 0.8691520468749999 0.6983766234375001 0.8693347953125 0.6886363640625001 0.8682383046875 0.6831168828124999 0.8654970765625001 0.6795454546874999 0.8609283624999999 0.6785714281249999 0.8565423984375 0.68149350625 0.8547149125000001 0.684415584375 0.8548976609375 0.69350649375 0.857456140625 0.70551948125 0.861293859375 0.7129870125 0.8651315796875 0.7139610390625
0 0.8759137421875 0.0766233765625 0.88212719375 0.07435064999999999 0.8865131578125001 0.0642857140625 0.8865131578125001 0.060389610937500005 0.88358918125 0.0477272734375 0.8808479531250001 0.04350649375 0.8771929828125 0.040909090625 0.8724415203125 0.0415584421875 0.8686038015624999 0.0487012984375 0.8665935671874999 0.056493506250000006 0.866776315625 0.0639610390625 0.869883040625 0.07207792187499999 0.8724415203125 0.075 0.8759137421875 0.0766233765625
1 0.8583698828124999 0.0324675328125 0.860562865625 0.0301948046875 0.8640350874999999 0.0178571421875 0.863669590625 0.009740259375000001 0.861293859375 0.0051948046875 0.85709064375 0.003246753125 0.8532529234374999 0.0077922078125 0.8505116953125 0.0165584421875 0.84923245625 0.021428571875 0.85087719375 0.028896103125 0.8532529234374999 0.032142857812499995 0.8583698828124999 0.0324675328125
2 0.8587353796875 0.03181818125 0.8614766078124999 0.026623376562500002 0.863669590625 0.0175324671875 0.8634868421874999 0.009415584375 0.8611111109375 0.0051948046875 0.85709064375 0.003896103125 0.8528874265624999 0.009415584375 0.8499634500000001 0.019805195312500003 0.8501461984375001 0.0240259734375 0.851973684375 0.03051948125 0.853435671875 0.032142857812499995 0.8587353796875 0.03181818125
0 0.915935671875 0.052597403125 0.9212353796875 0.049675325 0.923793859375 0.044805195312500004 0.9247076015625 0.0376623375 0.9247076015625 0.0327922078125 0.9225146203125 0.025974026562500002 0.919956140625 0.0204545453125 0.9181286546875 0.019805195312500003 0.91173245625 0.01883116875 0.9067982453125 0.0207792203125 0.903143275 0.025649349999999998 0.901133040625 0.0327922078125 0.901133040625 0.040259740625 0.9025950296874999 0.043831168749999996 0.9120979531250001 0.0522727265625 0.915935671875 0.052597403125
0 0.9470029234374999 0.6493506499999999 0.9510233921875001 0.6487012984375 0.95230263125 0.647077921875 0.955043859375 0.6396103890625 0.9557748531250001 0.6301948046875 0.954312865625 0.6230519484375 0.9513888890625 0.615584415625 0.9482821640625 0.6139610390625 0.945723684375 0.6146103890625 0.9422514625 0.6178571421875 0.9402412281249999 0.6237012984375 0.9398757312500001 0.628571428125 0.9407894734375001 0.634740259375 0.94462719375 0.6457792203125 0.9470029234374999 0.6493506499999999
2 0.9515716375000001 0.646428571875 0.951937134375 0.6422077921875 0.95084064375 0.640259740625 0.9533991234375 0.63181818125 0.9588815796875 0.633766234375 0.9625365499999999 0.6370129875 0.9663742687499999 0.634740259375 0.966739765625 0.6301948046875 0.9629020468749999 0.61915584375 0.9588815796875 0.61883116875 0.955043859375 0.622077921875 0.953216375 0.621753246875 0.9517543859375 0.6175324671875 0.951937134375 0.615259740625 0.9493786546875 0.6139610390625 0.9464546781250001 0.6139610390625 0.9418859656249999 0.61818181875 0.9398757312500001 0.6227272734375 0.9415204671874999 0.634740259375 0.947185671875 0.6480519484375 0.9515716375000001 0.646428571875
2 0.9786184203125 0.6074675328125 0.9749634500000001 0.603571428125 0.9705774859374999 0.6016233765625 0.9676535093749999 0.603246753125 0.9661915203125 0.60616883125 0.9669225140625001 0.6129870125 0.9705774859374999 0.6165584421875 0.9744152046875 0.6142857140625 0.9786184203125 0.6074675328125
2 0.8673245609375 0.6396103890625 0.8687865499999999 0.6379870125 0.8700657890624999 0.63084415625 0.8662280703125 0.624675325 0.8598318718750001 0.61948051875 0.8556286546875 0.6123376625 0.853435671875 0.6042207796875 0.851973684375 0.6048701296875 0.8525219296875 0.6418831171875 0.85709064375 0.6525974031249999 0.861293859375 0.6558441562499999 0.8673245609375 0.6396103890625
2 0.888706140625 0.6772727265625 0.890716375 0.6737012984375 0.8916301171875001 0.6698051953124999 0.8892543859375 0.666233765625 0.8848684203125 0.6626623375 0.88048245625 0.6633116890624999 0.8786549703125001 0.665259740625 0.8768274859374999 0.6698051953124999 0.8797514625 0.6733766234375 0.884685671875 0.6769480515625 0.888706140625 0.6772727265625